0.109	2.361	24.70	4.001
0.109	2.361	24.70	4.001
0.109	2.361	24.70	4.001
0.109	2.361	24.70	4.001	
0.109	2.361	24.70	4.001
0.109	2.361	24.70	4.001
0.109	2.361	24.70	4.001
1.528	1.558	13.65	4.280
1.528	1.558	19.35	4.629
1.528	1.558	26.20	4.932
1.528	1.558	39.20	5.335
1.528	1.558	39.20	5.335
1.528	1.558	39.20	5.335
1.528	1.558	39.20	5.335
1.528	1.558	13.65	4.280
1.528	1.558	14.70	4.354
1.528	1.558	20.25	4.674
1.528	1.558	25.70	4.913
1.528	1.558	25.70	4.913
1.528	1.558	25.70	4.913
1.528	1.558	25.70	4.913
0.361	2.363	29.00	4.634
0.361	2.363	29.00	4.634
0.361	2.363	29.00	4.634
0.361	2.363	29.00	4.634
0.361	2.363	29.00	4.634
0.361	2.363	29.00	4.634
0.361	2.363	29.00	4.634
0.044	3.607	13.60	3.329
0.044	3.607	19.80	3.704	
0.044	3.607	23.65	3.882
0.044	3.607	30.45	4.135
0.044	3.607	30.45	4.135
0.044	3.607	30.45	4.135
0.044	3.607	30.45	4.135
0.073	1.406	21.01	3.713
0.144	2.042	33.03	4.321
0.144	2.042	33.03	4.321
0.144	2.042	33.03	4.321
0.144	2.042	33.03	4.321
0.144	2.042	33.03	4.321
0.144	2.042	33.03	4.321
0.131	1.820	16.28	3.571
0.770	2.391	24.71	5.140
0.380	2.592	26.21	4.633
0.303	2.799	30.01	4.680
0.221	3.322	30.78	4.628
0.221	3.322	30.78	4.628
0.221	3.322	30.78	4.628
